3
IA 1
IA 1
04 40 14 58 70 33 57 80 74 28 53 31 91 08 57 21 69 06 40 32 02 27 51 08 18 28 36 83 78 23 64 22 97 41 87 96 96 99 18 48 37 58 07 75 90 31 88 16 74 90 70 72 00 29 56 59 55 33 90 00 90 88 05 20 12 74 26 10 51 85 07 20 46 61 19 13 59 77 74 62 79 96 58 72 96 89 23 43 84 39 63 22 34 68 79 59 34 40 77 69 05 75 51 25 01 31 26 08 67 15 32 99 11 26 16 63 94 67 31 96 59 75 96 00 90 63 29 64 58 94 36 02 16 83 17 94 93 41 00 68 95 97 95 38 79 82 28 65 78 86 90 54 66 55 54 27 73 41 55 43 39 93 55 01 00 62 57 77 45 58 18 48 78 68 96 25 37 80 78 51 00 99 02 50 61 85 12 47 87 95 05 84 15 75 47 57 80 18 52 81 26 51 
0 1 2 0 1 0 0 0 0 0 0 0 0 0 0 0 0 0 6 0 0 0 0 0 0 0 0 0 0 0 5 0 0 0 4 0 0 0 0 0 0 0 0 0 0 0 4 2 0 0 6 0 0 3 0 0 0 0 0 0 0 6 0 0 0 0 0 0 0 0 0 0 0 0 3 0 0 0 0 0 0 0 0 0 0 0 0 0 0 0 0 0 0 0 0 0 0 6 0 0 0 0 0 0 0 0 0 0 0 2 0 0 0 0 6 0 0 0 0 0 0 0 0 0 0 0 6 6 0 0 0 0 6 0 2 0 0 0 0 0 0 0 0 0 0 0 0 5 0 4 0 0 0 0 0 0 0 0 0 0 0 0 0 0 0 0 0 0 0 0 0 0 0 0 0 0 0 0 0 0 0 0 0 1 0 0 0 0 6 0 0 0 6 0 0 0 0 0 0 0 0 0 
6000000000
5000000000
0000000000
0066000006
0066000006
0066000006
0060000600
0060000600
0000000600
0000000600
IA 2
40 85 03 67 86 49 18 16 78 38 74 74 71 89 54 45 88 74 57 96 25 95 21 02 71 43 50 84 34 52 93 36 43 03 64 38 09 74 16 18 97 20 49 66 04 94 38 38 58 59 05 65 77 99 25 31 32 71 29 39 89 02 95 55 47 97 43 03 36 75 14 73 15 81 99 31 76 21 45 31 69 78 74 14 53 20 64 76 14 30 86 26 17 93 62 95 87 34 75 13 33 40 40 75 51 94 81 33 33 87 24 96 15 07 37 08 97 85 35 53 65 17 12 84 18 77 27 33 76 90 76 57 07 33 00 67 00 24 18 56 37 32 42 88 22 23 04 22 08 37 38 11 06 90 88 74 15 23 78 82 91 42 47 72 57 76 89 15 83 53 88 23 33 25 19 48 19 36 60 75 19 51 26 67 73 42 96 21 41 05 81 63 85 53 96 90 05 11 38 58 23 
0 0 0 2 0 4 0 0 0 0 0 0 0 0 0 0 0 0 0 0 0 0 0 0 0 3 0 0 0 1 0 0 6 0 0 0 0 0 0 0 2 0 6 0 0 0 0 0 0 4 0 0 2 0 0 0 1 0 0 4 0 0 0 0 0 6 6 0 0 0 0 0 0 0 0 0 0 0 0 0 0 0 0 0 3 0 0 0 0 0 0 0 0 0 1 0 2 0 0 0 3 0 0 0 0 0 0 6 6 6 0 0 0 0 0 0 6 0 0 6 0 0 0 0 0 6 0 6 0 0 0 0 0 6 5 6 6 0 0 0 0 6 1 0 0 0 0 0 0 0 0 0 0 0 0 0 0 0 0 0 0 6 0 1 0 0 0 0 0 6 0 0 6 0 0 0 0 0 0 0 0 0 0 6 0 6 0 0 0 0 0 0 0 6 0 0 0 0 0 0 0 
0000000003
0000666606
0000000006
1000000000
6000000000
6000000000
1000660000
6000000000
0000006660
0000000000
0.0
